15
Spe_bom    0.0000000 0.6850740 0.3520777 0.7027171 0.5743248 0.9839946 0.7120033 0.9738767 0.6828205 0.7334325 0.9387138 0.6686602 0.6849201 0.7374522 0.7469518 
Soo_tho    0.6850740 0.0000000 0.6843267 0.8501440 0.7163536 1.2901925 0.9056753 1.1575545 0.9057607 0.9538206 1.0856290 0.8562457 0.8964489 0.9484092 0.9151042 
Rhi_dor    0.3520777 0.6843267 0.0000000 0.6437994 0.6112679 0.9909790 0.7512422 1.0005133 0.6655017 0.6893690 0.7348900 0.5991837 0.6721848 0.6857848 0.7374339 
Dib_bou    0.7027171 0.8501440 0.6437994 0.0000000 0.4806175 0.8705013 0.6277016 0.9261382 0.6534137 0.6810750 0.8871462 0.6667273 0.7086064 0.7117780 0.7783872 
Gam_wis    0.5743248 0.7163536 0.6112679 0.4806175 0.0000000 0.9952599 0.5565382 0.6802128 0.6126475 0.5739563 0.7952667 0.5788319 0.6275376 0.6183999 0.6879872 
Gek_gec    0.9839946 1.2901925 0.9909790 0.8705013 0.9952599 0.0000000 0.9617005 1.0416244 0.9603525 0.9619182 1.2014524 0.8714696 0.9811583 0.9432162 1.0644946 
Pod_mur    0.7120033 0.9056753 0.7512422 0.6277016 0.5565382 0.9617005 0.0000000 0.8787655 0.6746109 0.6430773 0.8736986 0.6296707 0.7410462 0.6729708 0.8165884 
Cha_cha    0.9738767 1.1575545 1.0005133 0.9261382 0.6802128 1.0416244 0.8787655 0.0000000 0.8926015 0.8560440 1.3109050 0.8268554 0.9583930 0.8995809 1.0698725 
Amb_uni    0.6828205 0.9057607 0.6655017 0.6534137 0.6126475 0.9603525 0.6746109 0.8926015 0.0000000 0.1445123 0.4753220 0.1837696 0.2544935 0.1694305 0.8777935 
Amb_and    0.7334325 0.9538206 0.6893690 0.6810750 0.5739563 0.9619182 0.6430773 0.8560440 0.1445123 0.0000000 0.4611203 0.2003967 0.2337606 0.0547694 0.8899718 
Dim_ate    0.9387138 1.0856290 0.7348900 0.8871462 0.7952667 1.2014524 0.8736986 1.3109050 0.4753220 0.4611203 0.0000000 0.4786500 0.4457093 0.4980562 0.8747972 
Amb_bis    0.6686602 0.8562457 0.5991837 0.6667273 0.5788319 0.8714696 0.6296707 0.8268554 0.1837696 0.2003967 0.4786500 0.0000000 0.2679503 0.2017440 0.8239417 
Amb_tal    0.6849201 0.8964489 0.6721848 0.7086064 0.6275376 0.9811583 0.7410462 0.9583930 0.2544935 0.2337606 0.4457093 0.2679503 0.0000000 0.2395455 0.8160655 
Amb_dum    0.7374522 0.9484092 0.6857848 0.7117780 0.6183999 0.9432162 0.6729708 0.8995809 0.1694305 0.0547694 0.4980562 0.2017440 0.2395455 0.0000000 0.9066781 
Pro_dol    0.7469518 0.9151042 0.7374339 0.7783872 0.6879872 1.0644946 0.8165884 1.0698725 0.8777935 0.8899718 0.8747972 0.8239417 0.8160655 0.9066781 0.0000000 
