15
Amb_uni    0.0000000 0.0767323 0.3032974 0.0843143 0.1159618 0.7406383 0.6785310 0.8326455 0.8683877 1.1361271 0.6151107 0.6248152 0.6189161 0.6023074 0.5636320 
Amb_and    0.0767323 0.0000000 0.3047307 0.0785895 0.1126545 0.7610549 0.7049823 0.9014780 0.8876856 1.1546301 0.6055628 0.6260665 0.6219278 0.6433007 0.5633339 
Dic_ate    0.3032974 0.3047307 0.0000000 0.3205595 0.2591946 0.8222535 0.7826242 0.8830103 0.9164012 1.1315297 0.5944190 0.6695688 0.6587981 0.6637821 0.5905581 
Amb_bis    0.0843143 0.0785895 0.3205595 0.0000000 0.1377002 0.7549861 0.6798829 0.8689943 0.8472588 1.1351538 0.5970870 0.6292796 0.6267167 0.6344164 0.5508815 
Amb_tal    0.1159618 0.1126545 0.2591946 0.1377002 0.0000000 0.7304485 0.6995582 0.8691860 0.8940670 1.1466062 0.6508848 0.6283631 0.6037753 0.6579884 0.5398230 
Dib_bou    0.7406383 0.7610549 0.8222535 0.7549861 0.7304485 0.0000000 0.5325409 0.7914708 0.6224525 0.9304091 0.8599814 0.7918658 0.8335451 0.8234834 0.8693784 
Gam_wis    0.6785310 0.7049823 0.7826242 0.6798829 0.6995582 0.5325409 0.0000000 0.7645084 0.6519861 0.8749619 0.8705967 0.8857126 0.8755497 0.8979515 0.8099963 
Gek_gec    0.8326455 0.9014780 0.8830103 0.8689943 0.8691860 0.7914708 0.7645084 0.0000000 0.8166382 1.1035134 1.0194242 1.1226627 1.0202750 1.0843509 1.0579752 
Pod_mur    0.8683877 0.8876856 0.9164012 0.8472588 0.8940670 0.6224525 0.6519861 0.8166382 0.0000000 0.7357954 0.9662772 1.0140521 0.9995899 0.9148845 0.9193679 
Cha_cha    1.1361271 1.1546301 1.1315297 1.1351538 1.1466062 0.9304091 0.8749619 1.1035134 0.7357954 0.0000000 1.2792296 1.4141447 1.3086892 1.3154041 1.2829570 
Spe_bom    0.6151107 0.6055628 0.5944190 0.5970870 0.6508848 0.8599814 0.8705967 1.0194242 0.9662772 1.2792296 0.0000000 0.4492857 0.4962280 0.4476010 0.6596951 
Bom_max    0.6248152 0.6260665 0.6695688 0.6292796 0.6283631 0.7918658 0.8857126 1.1226627 1.0140521 1.4141447 0.4492857 0.0000000 0.5028899 0.4565117 0.6073010 
Lei_arc    0.6189161 0.6219278 0.6587981 0.6267167 0.6037753 0.8335451 0.8755497 1.0202750 0.9995899 1.3086892 0.4962280 0.5028899 0.0000000 0.4593138 0.5917777 
Rhi_dor    0.6023074 0.6433007 0.6637821 0.6344164 0.6579884 0.8234834 0.8979515 1.0843509 0.9148845 1.3154041 0.4476010 0.4565117 0.4593138 0.0000000 0.6313549 
Neo_for    0.5636320 0.5633339 0.5905581 0.5508815 0.5398230 0.8693784 0.8099963 1.0579752 0.9193679 1.2829570 0.6596951 0.6073010 0.5917777 0.6313549 0.0000000 
